BEGIN:A
0001100
0010010
0100001
0111111
0100001
0100001
END
BEGIN:B
0111110
0100001
0111110
0100001
0100001
0111110
END
BEGIN:C
0011110
0100001
0100000
0100000
0100001
0011110
END
BEGIN:D
0111110
0100001
0100001
0100001
0100001
0111110
END
BEGIN:E
0111111
0100000
0111110
0100000
0100000
0111111
END
BEGIN:F
0111111
0100000
0111110
0100000
0100000
0100000
END
BEGIN:G
0011110
0100001
0100000
0100111
0100001
0011110
END
BEGIN:H
0100001
0100001
0111111
0100001
0100001
0100001
END
BEGIN:I
00
01
01
01
01
01
01
END
BEGIN:J
0000001
0000001
0000001
0000001
0100001
0011110
END
BEGIN:K
0100001
0100010
0111100
0100100
0100010
0100001
END
BEGIN:L
010000
010000
010000
010000
010000
011111
END
BEGIN:M
0100001
0110011
0101101
0100001
0100001
0100001
END
BEGIN:N
0100001
0110001
0101001
0100101
0100011
0100001
END
BEGIN:O
0011110
0100001
0100001
0100001
0100001
0011110
END
BEGIN:P
0111110
0100001
0100001
0111110
0100000
0100000
END
BEGIN:Q
0011110
0100001
0100001
0100101
0100010
0011101
END
BEGIN:R
0111110
0100001
0100001
0111110
0100010
0100001
END
BEGIN:S
0011110
0100000
0011110
0000001
0100001
0011110
END
BEGIN:T
000000
011111
000100
000100
000100
000100
000100
END
BEGIN:U
0100001
0100001
0100001
0100001
0100001
0011110
END
BEGIN:V
0100001
0100001
0100001
0100001
0010010
0001100
END
BEGIN:W
0100001
0100001
0100001
0101101
0110011
0100001
END
BEGIN:X
0100001
0010010
0001100
0001100
0010010
0100001
END
BEGIN:Y
010001
001010
000100
000100
000100
000100
END
BEGIN:Z
0111111
0000010
0000100
0001000
0010000
0111111
END
BEGIN:<
00000
00011
00110
01100
00110
00011
END
BEGIN:>
00000
01100
00110
00011
00110
01100
END
BEGIN: 
0000
0000
0000
0000
0000
0000
END
BEGIN:.
0000
0000
0000
0000
0110
0110
END
BEGIN:!
0110
0110
0110
0110
0000
0110
END
BEGIN:*
RGBRGB
RGBRGB
RGBRGB
RGBRGB
RGBRGB
RGBRGB
END
