BEGIN:A
0001100
0010010
0100001
0111111
0100001
0100001
END
BEGIN:B
0111110
0100001
0111110
0100001
0100001
0111110
END
BEGIN:C
0011110
0100001
0100000
0100000
0100001
0011110
END
BEGIN:D
0111110
0100001
0100001
0100001
0100001
0111110
END
BEGIN:E
0111111
0100000
0111110
0100000
0100000
0111111
END
BEGIN:F
0111111
0100000
0111110
0100000
0100000
0100000
END
BEGIN:G
0011110
0100001
0100000
0100111
0100001
0011110
END
BEGIN:H
0100001
0100001
0111111
0100001
0100001
0100001
END
BEGIN:I
01
01
01
01
01
01
01
END
BEGIN:J
0000001
0000001
0000001
0000001
0100001
0011110
END
BEGIN:K
0100001
0100010
0111100
0100100
0100010
0100001
END
BEGIN:L
010000
010000
010000
010000
010000
011111
END
BEGIN:M
0100001
0110011
0101101
0100001
0100001
0100001
END
BEGIN:N
0100001
0110001
0101001
0100101
0100011
0100001
END
BEGIN:O
0011110
0100001
0100001
0100001
0100001
0011110
END
BEGIN:P
0111110
0100001
0100001
0111110
0100000
0100000
END
BEGIN:Q
0011110
0100001
0100001
0100101
0100010
0011101
END
BEGIN:R
0111110
0100001
0100001
0111110
0100010
0100001
END
BEGIN:S
0011110
0100000
0011110
0000001
0100001
0011110
END
BEGIN:T
011111
000100
000100
000100
000100
000100
END
BEGIN:U
0100001
0100001
0100001
0100001
0100001
0011110
END
BEGIN:V
0100001
0100001
0100001
0100001
0010010
0001100
END
BEGIN:W
0100001
0100001
0100001
0101101
0110011
0100001
END
BEGIN:X
0100001
0010010
0001100
0001100
0010010
0100001
END
BEGIN:Y
010001
001010
000100
000100
000100
000100
END
BEGIN:Z
0111111
0000010
0000100
0001000
0010000
0111111
END
BEGIN:<
00000
00011
00110
01100
00110
00011
END
BEGIN:>
00000
01100
00110
00011
00110
01100
END
BEGIN: 
0000
0000
0000
0000
0000
0000
END
BEGIN:.
0000
0000
0000
0000
0110
0110
END
BEGIN:!
0110
0110
0110
0110
0000
0110
END
BEGIN:*
RGBRGB
RGBRGB
RGBRGB
RGBRGB
RGBRGB
RGBRGB
END
BEGIN:#
00010100
01111111
00010100
01111111
00010100
00010100
END
BEGIN:$
00111110
01001000
00111110
00001001
01001001
00111110
END
BEGIN:%
01110001
01010010
01110100
00010111
00100101
01000111
END
BEGIN:&
00011000
00100100
00011000
01000101
01000010
00111001
END
BEGIN:'
0111
0111
0010
0100
0000
0000
END
BEGIN:(
00011
00100
01000
01000
00100
00011
END
BEGIN:)
01100
00010
00001
00001
00010
01100
END
BEGIN:*
00000000
00100010
00010100
01111111
00010100
00100010
END
BEGIN:+
000000
000100
000100
011111
000100
000100
END
BEGIN:,
0000
0000
0111
0111
0010
0100
END
BEGIN:-
000000
000000
011111
000000
000000
000000
END
BEGIN:/
00000001
00000010
00000100
00001000
00010000
00100000
END
BEGIN:0
00011100
00100010
01000001
01000001
00100010
00011100
END
BEGIN:1
000100
001100
010100
000100
000100
011111
END
BEGIN:2
00111110
01000001
00000001
00111110
01000000
01111111
END
BEGIN:3
00111110
00000001
00111110
00000001
01000001
00111110
END
BEGIN:4
01000000
01000010
01000010
01111111
00000010
00000010
END
BEGIN:5
01111111
01000000
01111110
00000001
01000001
00111110
END
BEGIN:6
00111110
01000000
01111110
01000001
01000001
00111110
END
BEGIN:7
01111111
01000010
00000100
00001000
00001000
00001000
END
BEGIN:8
00111110
01000001
00111110
01000001
01000001
00111110
END
BEGIN:9
00111110
01000001
00111111
00000001
01000001
00111110
END
BEGIN::
0010
0111
0010
0000
0010
0111
0010
END
BEGIN:;
0111
0111
0000
0111
0010
0100
END
BEGIN:?
00111110
00000001
00001110
00001000
00000000
00001000
END
BEGIN:@
00111110
01000001
01011101
01011110
01000000
00111110
END
BEGIN:\
0100000
0010000
0001000
0000100
0000010
0000001
END
BEGIN:]
011111
000001
000001
000001
000001
011111
END
BEGIN:^
000100
001010
010001
000000
000000
000000
END
BEGIN:_
00000000
00000000
00000000
00000000
00000000
01111111
END
BEGIN:{
000111
001000
011000
001000
001000
000111
END
BEGIN:|
01
01
01
01
01
01
END
BEGIN:}
011100
000010
000011
000010
000010
011100
END
BEGIN:~
00110000
01001001
00000110
00000000
00000000
00000000
END
BEGIN:=
000000000
000000000
011111111
000000000
011111111
000000000
END
